{
    "w": 224,
    "h": 224,
    "camera_model": "OPENCV",
    "ply_file_path": "_conf0.001.ply",
    "frames": [
        {
            "file_path": "imgs/img_0000.png",
            "transform_matrix": [
                [
                    0.9999941423253599,
                    -0.0010954904017673643,
                    -0.00324271734008091,
                    -0.0007145241146569654
                ],
                [
                    -0.0010938631783714151,
                    -0.9999992749553434,
                    0.000503539605784012,
                    0.0007396065942911488
                ],
                [
                    -0.003243266611771074,
                    -0.0004999895671166668,
                    -0.9999946156015631,
                    5.3504966079083364e-05
                ],
                [
                    0.0,
                    0.0,
                    0.0,
                    1.0
                ]
            ],
            "intrinsics": {
                "fl_x": 257.8233485240165,
                "fl_y": 257.8233485240165,
                "cx": 112.0,
                "cy": 112.0,
                "k1": 0,
                "k2": 0,
                "p1": 0,
                "p2": 0
            }
        },
        {
            "file_path": "imgs/img_0001.png",
            "transform_matrix": [
                [
                    0.9999804939585912,
                    0.0015756949384820658,
                    -0.006043913284665908,
                    -0.003131440327216389
                ],
                [
                    0.0016095408729866726,
                    -0.9999830288386933,
                    0.005599233230657024,
                    0.0017847046256349154
                ],
                [
                    -0.006034988028977716,
                    -0.005608851937246213,
                    -0.9999660592737316,
                    0.0017038462563471765
                ],
                [
                    0.0,
                    0.0,
                    0.0,
                    1.0
                ]
            ],
            "intrinsics": {
                "fl_x": 257.8233485240165,
                "fl_y": 257.8233485240165,
                "cx": 112.0,
                "cy": 112.0,
                "k1": 0,
                "k2": 0,
                "p1": 0,
                "p2": 0
            }
        },
        {
            "file_path": "imgs/img_0002.png",
            "transform_matrix": [
                [
                    0.9996994155241185,
                    0.020362807123130138,
                    -0.013654108788280408,
                    -0.0026119290732391815
                ],
                [
                    0.020250005924306053,
                    -0.9997600841843388,
                    -0.00834933121810202,
                    0.0020730012327538714
                ],
                [
                    -0.013820848772834663,
                    0.008070325754900102,
                    -0.9998719187883057,
                    0.0029299358379818318
                ],
                [
                    0.0,
                    0.0,
                    0.0,
                    1.0
                ]
            ],
            "intrinsics": {
                "fl_x": 257.8233485240165,
                "fl_y": 257.8233485240165,
                "cx": 112.0,
                "cy": 112.0,
                "k1": 0,
                "k2": 0,
                "p1": 0,
                "p2": 0
            }
        },
        {
            "file_path": "imgs/img_0003.png",
            "transform_matrix": [
                [
                    0.9998362273292931,
                    0.014611229797993152,
                    -0.010678505687426064,
                    -0.0018998433960802155
                ],
                [
                    0.01458071114565716,
                    -0.999889402156768,
                    -0.0029302418104562686,
                    0.001806586699883203
                ],
                [
                    -0.010720139104184368,
                    0.00277406171003349,
                    -0.9999386897201327,
                    0.004662623006902503
                ],
                [
                    0.0,
                    0.0,
                    0.0,
                    1.0
                ]
            ],
            "intrinsics": {
                "fl_x": 257.8233485240165,
                "fl_y": 257.8233485240165,
                "cx": 112.0,
                "cy": 112.0,
                "k1": 0,
                "k2": 0,
                "p1": 0,
                "p2": 0
            }
        },
        {
            "file_path": "imgs/img_0004.png",
            "transform_matrix": [
                [
                    0.9998980698051527,
                    0.008340266907070763,
                    -0.011588353974949587,
                    -0.005090860580288017
                ],
                [
                    0.00823437205279306,
                    -0.9999241794226449,
                    -0.0091559009849608,
                    0.002346297351041616
                ],
                [
                    -0.011663837997249881,
                    0.009059544904080218,
                    -0.9998909338169364,
                    0.007007384811811948
                ],
                [
                    0.0,
                    0.0,
                    0.0,
                    1.0
                ]
            ],
            "intrinsics": {
                "fl_x": 257.8233485240165,
                "fl_y": 257.8233485240165,
                "cx": 112.0,
                "cy": 112.0,
                "k1": 0,
                "k2": 0,
                "p1": 0,
                "p2": 0
            }
        },
        {
            "file_path": "imgs/img_0005.png",
            "transform_matrix": [
                [
                    0.9997638357390145,
                    0.0026441480415067757,
                    -0.021570378521188323,
                    -0.012886651844351246
                ],
                [
                    0.002648796330475937,
                    -0.9999964744621603,
                    0.0001869257871987269,
                    0.0012667718607240167
                ],
                [
                    -0.021569808214548496,
                    -0.0002440171814822357,
                    -0.9997673148434103,
                    0.013525173350914799
                ],
                [
                    0.0,
                    0.0,
                    0.0,
                    1.0
                ]
            ],
            "intrinsics": {
                "fl_x": 257.8233485240165,
                "fl_y": 257.8233485240165,
                "cx": 112.0,
                "cy": 112.0,
                "k1": 0,
                "k2": 0,
                "p1": 0,
                "p2": 0
            }
        },
        {
            "file_path": "imgs/img_0006.png",
            "transform_matrix": [
                [
                    0.9966336099927832,
                    0.030643933266340174,
                    -0.07604207247781532,
                    -0.025371900317761275
                ],
                [
                    0.029682804751657067,
                    -0.9994649577881233,
                    -0.013737876679447533,
                    -0.004541636758693743
                ],
                [
                    -0.0764223693353473,
                    0.011434487638403126,
                    -0.9970099668296295,
                    0.021249430453851414
                ],
                [
                    0.0,
                    0.0,
                    0.0,
                    1.0
                ]
            ],
            "intrinsics": {
                "fl_x": 257.8233485240165,
                "fl_y": 257.8233485240165,
                "cx": 112.0,
                "cy": 112.0,
                "k1": 0,
                "k2": 0,
                "p1": 0,
                "p2": 0
            }
        },
        {
            "file_path": "imgs/img_0007.png",
            "transform_matrix": [
                [
                    0.9921821141498737,
                    0.019472029393004023,
                    -0.12326999810337173,
                    -0.04164121044353406
                ],
                [
                    0.019580716306787326,
                    -0.9998082249903797,
                    -0.0003298340485784399,
                    -0.007375299964170328
                ],
                [
                    -0.12325278053658828,
                    -0.00208645941836315,
                    -0.9923731146988493,
                    0.024360047321063432
                ],
                [
                    0.0,
                    0.0,
                    0.0,
                    1.0
                ]
            ],
            "intrinsics": {
                "fl_x": 257.8233485240165,
                "fl_y": 257.8233485240165,
                "cx": 112.0,
                "cy": 112.0,
                "k1": 0,
                "k2": 0,
                "p1": 0,
                "p2": 0
            }
        },
        {
            "file_path": "imgs/img_0008.png",
            "transform_matrix": [
                [
                    0.9747112122715837,
                    0.06321139468382984,
                    -0.21434171841754143,
                    -0.06503941153022831
                ],
                [
                    0.06424135536383072,
                    -0.997932043739634,
                    -0.002164333304980891,
                    -0.007166282753735098
                ],
                [
                    -0.21403527964585078,
                    -0.011660002562697738,
                    -0.9767563377870453,
                    0.02150446905102307
                ],
                [
                    0.0,
                    0.0,
                    0.0,
                    1.0
                ]
            ],
            "intrinsics": {
                "fl_x": 257.8233485240165,
                "fl_y": 257.8233485240165,
                "cx": 112.0,
                "cy": 112.0,
                "k1": 0,
                "k2": 0,
                "p1": 0,
                "p2": 0
            }
        },
        {
            "file_path": "imgs/img_0009.png",
            "transform_matrix": [
                [
                    0.964423583919803,
                    0.04322665276862661,
                    -0.26080377157875456,
                    -0.0862105287498538
                ],
                [
                    0.04550210714266788,
                    -0.998960620719907,
                    0.00269007369332326,
                    -0.00793404294766383
                ],
                [
                    -0.2604164146609422,
                    -0.014461491669911567,
                    -0.9653880858151406,
                    0.022606251673422187
                ],
                [
                    0.0,
                    0.0,
                    0.0,
                    1.0
                ]
            ],
            "intrinsics": {
                "fl_x": 257.8233485240165,
                "fl_y": 257.8233485240165,
                "cx": 112.0,
                "cy": 112.0,
                "k1": 0,
                "k2": 0,
                "p1": 0,
                "p2": 0
            }
        },
        {
            "file_path": "imgs/img_0010.png",
            "transform_matrix": [
                [
                    0.9304331209752159,
                    0.09832242980417501,
                    -0.35302536338019996,
                    -0.10017338570906864
                ],
                [
                    0.10357541495203774,
                    -0.9946134373479919,
                    -0.004030342953793069,
                    -0.009398751466253734
                ],
                [
                    -0.3515200432547656,
                    -0.032814783927599955,
                    -0.9356050711416398,
                    0.0351395823570541
                ],
                [
                    0.0,
                    0.0,
                    0.0,
                    1.0
                ]
            ],
            "intrinsics": {
                "fl_x": 257.8233485240165,
                "fl_y": 257.8233485240165,
                "cx": 112.0,
                "cy": 112.0,
                "k1": 0,
                "k2": 0,
                "p1": 0,
                "p2": 0
            }
        },
        {
            "file_path": "imgs/img_0011.png",
            "transform_matrix": [
                [
                    0.9159478963768233,
                    0.10986301062427363,
                    -0.3859657627555102,
                    -0.11384907942610042
                ],
                [
                    0.11315176182852335,
                    -0.9934753355843036,
                    -0.01426311259004612,
                    -0.013792319893957128
                ],
                [
                    -0.38501445416759766,
                    -0.030608438088637318,
                    -0.9224028369426238,
                    0.041820373631654494
                ],
                [
                    0.0,
                    0.0,
                    0.0,
                    1.0
                ]
            ],
            "intrinsics": {
                "fl_x": 257.8233485240165,
                "fl_y": 257.8233485240165,
                "cx": 112.0,
                "cy": 112.0,
                "k1": 0,
                "k2": 0,
                "p1": 0,
                "p2": 0
            }
        },
        {
            "file_path": "imgs/img_0012.png",
            "transform_matrix": [
                [
                    0.8771562239736982,
                    0.13810562764862183,
                    -0.45991716031909874,
                    -0.1320815207684858
                ],
                [
                    0.13870839599574267,
                    -0.9897941244023708,
                    -0.03267372306353437,
                    -0.015216315914062485
                ],
                [
                    -0.45973572802697377,
                    -0.03513441205320686,
                    -0.887360486761262,
                    0.05149788485441586
                ],
                [
                    0.0,
                    0.0,
                    0.0,
                    1.0
                ]
            ],
            "intrinsics": {
                "fl_x": 257.8233485240165,
                "fl_y": 257.8233485240165,
                "cx": 112.0,
                "cy": 112.0,
                "k1": 0,
                "k2": 0,
                "p1": 0,
                "p2": 0
            }
        },
        {
            "file_path": "imgs/img_0013.png",
            "transform_matrix": [
                [
                    0.8527888127960243,
                    0.1281336753427928,
                    -0.5062933951900768,
                    -0.15197631201993847
                ],
                [
                    0.12517484730592318,
                    -0.9913262071293263,
                    -0.04004508285074075,
                    -0.016943851210511264
                ],
                [
                    -0.50703303479348,
                    -0.029225199772313637,
                    -0.8614310125171848,
                    0.05998784053503331
                ],
                [
                    0.0,
                    0.0,
                    0.0,
                    1.0
                ]
            ],
            "intrinsics": {
                "fl_x": 257.8233485240165,
                "fl_y": 257.8233485240165,
                "cx": 112.0,
                "cy": 112.0,
                "k1": 0,
                "k2": 0,
                "p1": 0,
                "p2": 0
            }
        },
        {
            "file_path": "imgs/img_0014.png",
            "transform_matrix": [
                [
                    0.8317974434179664,
                    0.1376131493716056,
                    -0.5377505316067697,
                    -0.15911132166392616
                ],
                [
                    0.13936478525827659,
                    -0.989524959139425,
                    -0.03765384269943208,
                    -0.018438800141776276
                ],
                [
                    -0.5372992366952047,
                    -0.043623117267651626,
                    -0.8422627582213303,
                    0.06892745102627908
                ],
                [
                    0.0,
                    0.0,
                    0.0,
                    1.0
                ]
            ],
            "intrinsics": {
                "fl_x": 257.8233485240165,
                "fl_y": 257.8233485240165,
                "cx": 112.0,
                "cy": 112.0,
                "k1": 0,
                "k2": 0,
                "p1": 0,
                "p2": 0
            }
        },
        {
            "file_path": "imgs/img_0015.png",
            "transform_matrix": [
                [
                    0.8015668521714401,
                    0.15731656804307603,
                    -0.5768380005851876,
                    -0.1642450399774465
                ],
                [
                    0.15789095488056046,
                    -0.986212137227081,
                    -0.049558720250809804,
                    -0.0221280469769326
                ],
                [
                    -0.5766810451773785,
                    -0.051352875334701925,
                    -0.8153538215572337,
                    0.08434089000716949
                ],
                [
                    0.0,
                    0.0,
                    0.0,
                    1.0
                ]
            ],
            "intrinsics": {
                "fl_x": 257.8233485240165,
                "fl_y": 257.8233485240165,
                "cx": 112.0,
                "cy": 112.0,
                "k1": 0,
                "k2": 0,
                "p1": 0,
                "p2": 0
            }
        },
        {
            "file_path": "imgs/img_0016.png",
            "transform_matrix": [
                [
                    0.7605259266485095,
                    0.1480305369271554,
                    -0.6322082528981128,
                    -0.17479294821383923
                ],
                [
                    0.15769673601063763,
                    -0.98662305137643,
                    -0.04131215250085472,
                    -0.02459668046038935
                ],
                [
                    -0.6298666956960157,
                    -0.06827821489846303,
                    -0.7736963429041538,
                    0.09264643015062582
                ],
                [
                    0.0,
                    0.0,
                    0.0,
                    1.0
                ]
            ],
            "intrinsics": {
                "fl_x": 257.8233485240165,
                "fl_y": 257.8233485240165,
                "cx": 112.0,
                "cy": 112.0,
                "k1": 0,
                "k2": 0,
                "p1": 0,
                "p2": 0
            }
        },
        {
            "file_path": "imgs/img_0017.png",
            "transform_matrix": [
                [
                    0.7024948524945165,
                    0.17708532096450774,
                    -0.6893052816550912,
                    -0.19476923229950877
                ],
                [
                    0.19073056369134736,
                    -0.9799641685983861,
                    -0.05737665324201431,
                    -0.025793466037516203
                ],
                [
                    -0.6856550403028394,
                    -0.09116478136962063,
                    -0.7221953671584587,
                    0.09757079103994022
                ],
                [
                    0.0,
                    0.0,
                    0.0,
                    1.0
                ]
            ],
            "intrinsics": {
                "fl_x": 257.8233485240165,
                "fl_y": 257.8233485240165,
                "cx": 112.0,
                "cy": 112.0,
                "k1": 0,
                "k2": 0,
                "p1": 0,
                "p2": 0
            }
        },
        {
            "file_path": "imgs/img_0018.png",
            "transform_matrix": [
                [
                    0.6995750448064002,
                    0.16665749342078548,
                    -0.6948525286496582,
                    -0.20810045363166021
                ],
                [
                    0.18434755192755306,
                    -0.9815970657219473,
                    -0.04983152279813848,
                    -0.025406051348410737
                ],
                [
                    -0.6903699999148583,
                    -0.0932334728129555,
                    -0.7174237121567664,
                    0.09897934259478944
                ],
                [
                    0.0,
                    0.0,
                    0.0,
                    1.0
                ]
            ],
            "intrinsics": {
                "fl_x": 257.8233485240165,
                "fl_y": 257.8233485240165,
                "cx": 112.0,
                "cy": 112.0,
                "k1": 0,
                "k2": 0,
                "p1": 0,
                "p2": 0
            }
        },
        {
            "file_path": "imgs/img_0019.png",
            "transform_matrix": [
                [
                    0.6836843741443106,
                    0.14334304818634486,
                    -0.715561630530557,
                    -0.2125323748484496
                ],
                [
                    0.16483905358709053,
                    -0.9855121117614405,
                    -0.039924478506531885,
                    -0.025002404889421376
                ],
                [
                    -0.7109175500460054,
                    -0.09065675985911617,
                    -0.6974077637425841,
                    0.10690627719757609
                ],
                [
                    0.0,
                    0.0,
                    0.0,
                    1.0
                ]
            ],
            "intrinsics": {
                "fl_x": 257.8233485240165,
                "fl_y": 257.8233485240165,
                "cx": 112.0,
                "cy": 112.0,
                "k1": 0,
                "k2": 0,
                "p1": 0,
                "p2": 0
            }
        },
        {
            "file_path": "imgs/img_0020.png",
            "transform_matrix": [
                [
                    0.6641127968605665,
                    0.1578503163959848,
                    -0.7307786741960407,
                    -0.21142021476562833
                ],
                [
                    0.1841304746643207,
                    -0.9818822905947888,
                    -0.044756404192279275,
                    -0.02772590508642317
                ],
                [
                    -0.7246034510999294,
                    -0.10483532338872342,
                    -0.6811456478786706,
                    0.12138199519012995
                ],
                [
                    0.0,
                    0.0,
                    0.0,
                    1.0
                ]
            ],
            "intrinsics": {
                "fl_x": 257.8233485240165,
                "fl_y": 257.8233485240165,
                "cx": 112.0,
                "cy": 112.0,
                "k1": 0,
                "k2": 0,
                "p1": 0,
                "p2": 0
            }
        },
        {
            "file_path": "imgs/img_0021.png",
            "transform_matrix": [
                [
                    0.6470601490759783,
                    0.1578893628487052,
                    -0.7459115983660549,
                    -0.21310029892487659
                ],
                [
                    0.1808538677510722,
                    -0.9821859559176869,
                    -0.05101594375817628,
                    -0.03084492015052167
                ],
                [
                    -0.7406787711263573,
                    -0.10189061339146811,
                    -0.6640882930043714,
                    0.13415574569683164
                ],
                [
                    0.0,
                    0.0,
                    0.0,
                    1.0
                ]
            ],
            "intrinsics": {
                "fl_x": 257.8233485240165,
                "fl_y": 257.8233485240165,
                "cx": 112.0,
                "cy": 112.0,
                "k1": 0,
                "k2": 0,
                "p1": 0,
                "p2": 0
            }
        },
        {
            "file_path": "imgs/img_0022.png",
            "transform_matrix": [
                [
                    0.601891881695718,
                    0.1608139627972633,
                    -0.7822180208344913,
                    -0.2174891834524766
                ],
                [
                    0.17601642817755814,
                    -0.9821400692180712,
                    -0.06647632246098466,
                    -0.03201831074597363
                ],
                [
                    -0.7789379819731495,
                    -0.0976716632691525,
                    -0.6194480336830805,
                    0.14548971269950273
                ],
                [
                    0.0,
                    0.0,
                    0.0,
                    1.0
                ]
            ],
            "intrinsics": {
                "fl_x": 257.8233485240165,
                "fl_y": 257.8233485240165,
                "cx": 112.0,
                "cy": 112.0,
                "k1": 0,
                "k2": 0,
                "p1": 0,
                "p2": 0
            }
        },
        {
            "file_path": "imgs/img_0023.png",
            "transform_matrix": [
                [
                    0.5508699856070085,
                    0.17676528584313114,
                    -0.8156569699807207,
                    -0.22720166127144517
                ],
                [
                    0.21038396247701036,
                    -0.975163374533211,
                    -0.06924580349358661,
                    -0.033578796084658795
                ],
                [
                    -0.8076390575559148,
                    -0.13345571059267816,
                    -0.5743768153576511,
                    0.15490774269773072
                ],
                [
                    0.0,
                    0.0,
                    0.0,
                    1.0
                ]
            ],
            "intrinsics": {
                "fl_x": 257.8233485240165,
                "fl_y": 257.8233485240165,
                "cx": 112.0,
                "cy": 112.0,
                "k1": 0,
                "k2": 0,
                "p1": 0,
                "p2": 0
            }
        },
        {
            "file_path": "imgs/img_0024.png",
            "transform_matrix": [
                [
                    0.5046421276551132,
                    0.17641524273173353,
                    -0.8451118181209063,
                    -0.23207507813683145
                ],
                [
                    0.20554496660538243,
                    -0.97530187376272,
                    -0.080854942570747,
                    -0.03338705903950538
                ],
                [
                    -0.838503184072018,
                    -0.132905670183142,
                    -0.5284396778576125,
                    0.1638427121967503
                ],
                [
                    0.0,
                    0.0,
                    0.0,
                    1.0
                ]
            ],
            "intrinsics": {
                "fl_x": 257.8233485240165,
                "fl_y": 257.8233485240165,
                "cx": 112.0,
                "cy": 112.0,
                "k1": 0,
                "k2": 0,
                "p1": 0,
                "p2": 0
            }
        },
        {
            "file_path": "imgs/img_0025.png",
            "transform_matrix": [
                [
                    0.49614828104543407,
                    0.17823294710178791,
                    -0.8497469622087934,
                    -0.23489086883960392
                ],
                [
                    0.19558662198734353,
                    -0.9764907311789679,
                    -0.09061856995751523,
                    -0.03135389913716806
                ],
                [
                    -0.8459212472300488,
                    -0.12123889016720818,
                    -0.5193441777817315,
                    0.1739792558394684
                ],
                [
                    0.0,
                    0.0,
                    0.0,
                    1.0
                ]
            ],
            "intrinsics": {
                "fl_x": 257.8233485240165,
                "fl_y": 257.8233485240165,
                "cx": 112.0,
                "cy": 112.0,
                "k1": 0,
                "k2": 0,
                "p1": 0,
                "p2": 0
            }
        },
        {
            "file_path": "imgs/img_0026.png",
            "transform_matrix": [
                [
                    0.463492553272919,
                    0.1985405907534111,
                    -0.8635718191811479,
                    -0.23465447700850672
                ],
                [
                    0.22048611237217272,
                    -0.9697635220975586,
                    -0.10461637281010999,
                    -0.03207733827954436
                ],
                [
                    -0.8582310454135041,
                    -0.1419166834175067,
                    -0.49325361393123024,
                    0.18942040823870449
                ],
                [
                    0.0,
                    0.0,
                    0.0,
                    1.0
                ]
            ],
            "intrinsics": {
                "fl_x": 257.8233485240165,
                "fl_y": 257.8233485240165,
                "cx": 112.0,
                "cy": 112.0,
                "k1": 0,
                "k2": 0,
                "p1": 0,
                "p2": 0
            }
        },
        {
            "file_path": "imgs/img_0027.png",
            "transform_matrix": [
                [
                    0.4117322407699951,
                    0.1992987172886076,
                    -0.8892449511791644,
                    -0.23601393581631824
                ],
                [
                    0.22165231953734188,
                    -0.9683908428718421,
                    -0.11440902361999125,
                    -0.04010565661795478
                ],
                [
                    -0.8839382394456273,
                    -0.1499973224063659,
                    -0.4428927546446045,
                    0.2008537658649976
                ],
                [
                    0.0,
                    0.0,
                    0.0,
                    1.0
                ]
            ],
            "intrinsics": {
                "fl_x": 257.8233485240165,
                "fl_y": 257.8233485240165,
                "cx": 112.0,
                "cy": 112.0,
                "k1": 0,
                "k2": 0,
                "p1": 0,
                "p2": 0
            }
        },
        {
            "file_path": "imgs/img_0028.png",
            "transform_matrix": [
                [
                    0.32276977915909905,
                    0.21152330618295564,
                    -0.9225386499236865,
                    -0.24738326281722947
                ],
                [
                    0.23457037376694384,
                    -0.962176089343123,
                    -0.13854209774364812,
                    -0.04854095846155281
                ],
                [
                    -0.9169495130117159,
                    -0.17168303363409532,
                    -0.36017846486120103,
                    0.21361252990288893
                ],
                [
                    0.0,
                    0.0,
                    0.0,
                    1.0
                ]
            ],
            "intrinsics": {
                "fl_x": 257.8233485240165,
                "fl_y": 257.8233485240165,
                "cx": 112.0,
                "cy": 112.0,
                "k1": 0,
                "k2": 0,
                "p1": 0,
                "p2": 0
            }
        },
        {
            "file_path": "imgs/img_0029.png",
            "transform_matrix": [
                [
                    0.28197457939885284,
                    0.22702531443463456,
                    -0.9321747921815388,
                    -0.25654392778690555
                ],
                [
                    0.2395152799952148,
                    -0.9574940963064119,
                    -0.16074043109056702,
                    -0.05315037896552881
                ],
                [
                    -0.9290440071501745,
                    -0.17794539090468958,
                    -0.3243650268356983,
                    0.22719908402462605
                ],
                [
                    0.0,
                    0.0,
                    0.0,
                    1.0
                ]
            ],
            "intrinsics": {
                "fl_x": 257.8233485240165,
                "fl_y": 257.8233485240165,
                "cx": 112.0,
                "cy": 112.0,
                "k1": 0,
                "k2": 0,
                "p1": 0,
                "p2": 0
            }
        },
        {
            "file_path": "imgs/img_0030.png",
            "transform_matrix": [
                [
                    0.2560576422499263,
                    0.23395447202391118,
                    -0.9379231252429068,
                    -0.2598246393597858
                ],
                [
                    0.21255159275684624,
                    -0.9601510162183835,
                    -0.18147133787828137,
                    -0.05562952947151826
                ],
                [
                    -0.9430038728774853,
                    -0.1528899312408064,
                    -0.29558140107801933,
                    0.23708482828819316
                ],
                [
                    0.0,
                    0.0,
                    0.0,
                    1.0
                ]
            ],
            "intrinsics": {
                "fl_x": 257.8233485240165,
                "fl_y": 257.8233485240165,
                "cx": 112.0,
                "cy": 112.0,
                "k1": 0,
                "k2": 0,
                "p1": 0,
                "p2": 0
            }
        },
        {
            "file_path": "imgs/img_0031.png",
            "transform_matrix": [
                [
                    0.17888274524020578,
                    0.260165082162115,
                    -0.9488493523625907,
                    -0.2571172828125336
                ],
                [
                    0.2336217649496963,
                    -0.9480541377000569,
                    -0.2159032721650846,
                    -0.06089535674706412
                ],
                [
                    -0.9557310471032718,
                    -0.18305049033909107,
                    -0.23037075246111827,
                    0.2520164321340512
                ],
                [
                    0.0,
                    0.0,
                    0.0,
                    1.0
                ]
            ],
            "intrinsics": {
                "fl_x": 257.8233485240165,
                "fl_y": 257.8233485240165,
                "cx": 112.0,
                "cy": 112.0,
                "k1": 0,
                "k2": 0,
                "p1": 0,
                "p2": 0
            }
        },
        {
            "file_path": "imgs/img_0032.png",
            "transform_matrix": [
                [
                    0.12457015383361175,
                    0.239529766823739,
                    -0.96286435575279,
                    -0.2596548110344836
                ],
                [
                    0.23404896320726412,
                    -0.9501321581601629,
                    -0.20608242247099973,
                    -0.06568814385353401
                ],
                [
                    -0.9642112629478433,
                    -0.19968568510355497,
                    -0.1744198026866469,
                    0.2623912597608838
                ],
                [
                    0.0,
                    0.0,
                    0.0,
                    1.0
                ]
            ],
            "intrinsics": {
                "fl_x": 257.8233485240165,
                "fl_y": 257.8233485240165,
                "cx": 112.0,
                "cy": 112.0,
                "k1": 0,
                "k2": 0,
                "p1": 0,
                "p2": 0
            }
        },
        {
            "file_path": "imgs/img_0033.png",
            "transform_matrix": [
                [
                    0.03168591938283137,
                    0.2464274276204576,
                    -0.9686431362629008,
                    -0.2704986414816611
                ],
                [
                    0.2570643656042094,
                    -0.9385374074304397,
                    -0.23035938615618423,
                    -0.06982374951528389
                ],
                [
                    -0.9658746887921693,
                    -0.241704484381471,
                    -0.09308613097834266,
                    0.2780376601303765
                ],
                [
                    0.0,
                    0.0,
                    0.0,
                    1.0
                ]
            ],
            "intrinsics": {
                "fl_x": 257.8233485240165,
                "fl_y": 257.8233485240165,
                "cx": 112.0,
                "cy": 112.0,
                "k1": 0,
                "k2": 0,
                "p1": 0,
                "p2": 0
            }
        },
        {
            "file_path": "imgs/img_0034.png",
            "transform_matrix": [
                [
                    -0.016505784092109996,
                    0.23883245783778534,
                    -0.9709204994100532,
                    -0.2815359686636646
                ],
                [
                    0.2514523888000584,
                    -0.9388523696749463,
                    -0.23521888555658493,
                    -0.07419035052444763
                ],
                [
                    -0.9677289162044549,
                    -0.24802275105098723,
                    -0.04455849753807984,
                    0.2951187287603943
                ],
                [
                    0.0,
                    0.0,
                    0.0,
                    1.0
                ]
            ],
            "intrinsics": {
                "fl_x": 257.8233485240165,
                "fl_y": 257.8233485240165,
                "cx": 112.0,
                "cy": 112.0,
                "k1": 0,
                "k2": 0,
                "p1": 0,
