{
    "w": 224,
    "h": 224,
    "camera_model": "OPENCV",
    "ply_file_path": "_conf0.001.ply",
    "frames": [
        {
            "file_path": "imgs/img_0000.png",
            "transform_matrix": [
                [
                    0.9999992921817982,
                    -0.0005887437953913209,
                    -0.0010339326119435895,
                    -0.00010836000369578566
                ],
                [
                    -0.0005893992395120111,
                    -0.9999996254891835,
                    -0.000633742873082747,
                    -5.6985485507626694e-05
                ],
                [
                    -0.0010335591125402233,
                    0.0006343518236032227,
                    -0.999999264676392,
                    -0.00015025609850384582
                ],
                [
                    0.0,
                    0.0,
                    0.0,
                    1.0
                ]
            ],
            "intrinsics": {
                "fl_x": 343.36639775241144,
                "fl_y": 343.36639775241144,
                "cx": 112.0,
                "cy": 112.0,
                "k1": 0,
                "k2": 0,
                "p1": 0,
                "p2": 0
            }
        },
        {
            "file_path": "imgs/img_0001.png",
            "transform_matrix": [
                [
                    0.9914601073570387,
                    -0.06143684136306428,
                    0.11503203920168857,
                    0.04669335224271184
                ],
                [
                    -0.060417429607956194,
                    -0.9980970299320011,
                    -0.012330978894065849,
                    -0.010727120451207564
                ],
                [
                    0.11557071306839291,
                    0.005275733527000203,
                    -0.9932852444875113,
                    0.014549288171067503
                ],
                [
                    0.0,
                    0.0,
                    0.0,
                    1.0
                ]
            ],
            "intrinsics": {
                "fl_x": 343.36639775241144,
                "fl_y": 343.36639775241144,
                "cx": 112.0,
                "cy": 112.0,
                "k1": 0,
                "k2": 0,
                "p1": 0,
                "p2": 0
            }
        },
        {
            "file_path": "imgs/img_0002.png",
            "transform_matrix": [
                [
                    0.9562775972412737,
                    -0.15712137294072176,
                    0.24666988300090248,
                    0.07473736150513205
                ],
                [
                    -0.15374207337125284,
                    -0.9875589395931504,
                    -0.03302598530188633,
                    -0.02423433918850756
                ],
                [
                    0.24879013623929025,
                    -0.006341529379789652,
                    -0.9685366555351225,
                    0.022674221738862348
                ],
                [
                    0.0,
                    0.0,
                    0.0,
                    1.0
                ]
            ],
            "intrinsics": {
                "fl_x": 343.36639775241144,
                "fl_y": 343.36639775241144,
                "cx": 112.0,
                "cy": 112.0,
                "k1": 0,
                "k2": 0,
                "p1": 0,
                "p2": 0
            }
        },
        {
            "file_path": "imgs/img_0003.png",
            "transform_matrix": [
                [
                    0.9421644025851226,
                    -0.19049884213446236,
                    0.2757470392349631,
                    0.08223658951628134
                ],
                [
                    -0.18682555191375158,
                    -0.9815871331776651,
                    -0.03978584085041721,
                    -0.030308784603912026
                ],
                [
                    0.2782489023402269,
                    -0.014031789817474742,
                    -0.9604065062362798,
                    0.02678045466219876
                ],
                [
                    0.0,
                    0.0,
                    0.0,
                    1.0
                ]
            ],
            "intrinsics": {
                "fl_x": 343.36639775241144,
                "fl_y": 343.36639775241144,
                "cx": 112.0,
                "cy": 112.0,
                "k1": 0,
                "k2": 0,
                "p1": 0,
                "p2": 0
            }
        },
        {
            "file_path": "imgs/img_0004.png",
            "transform_matrix": [
                [
                    0.8813090522538125,
                    -0.29007636767993555,
                    0.3730282232339819,
                    0.11829837866530302
                ],
                [
                    -0.2863973951711451,
                    -0.9557925272016458,
                    -0.06661213841841365,
                    -0.031913674028666246
                ],
                [
                    0.37586019535815374,
                    -0.048128430881400876,
                    -0.9254257224035998,
                    0.0526492086754355
                ],
                [
                    0.0,
                    0.0,
                    0.0,
                    1.0
                ]
            ],
            "intrinsics": {
                "fl_x": 343.36639775241144,
                "fl_y": 343.36639775241144,
                "cx": 112.0,
                "cy": 112.0,
                "k1": 0,
                "k2": 0,
                "p1": 0,
                "p2": 0
            }
        },
        {
            "file_path": "imgs/img_0005.png",
            "transform_matrix": [
                [
                    0.8588231184179119,
                    -0.30444007602813605,
                    0.4119940428925103,
                    0.12852438132729782
                ],
                [
                    -0.29571185323964255,
                    -0.951347003415408,
                    -0.08656430526550443,
                    -0.04277665176068141
                ],
                [
                    0.4183029418071417,
                    -0.0474880953556364,
                    -0.9070653392534546,
                    0.054683363695488214
                ],
                [
                    0.0,
                    0.0,
                    0.0,
                    1.0
                ]
            ],
            "intrinsics": {
                "fl_x": 343.36639775241144,
                "fl_y": 343.36639775241144,
                "cx": 112.0,
                "cy": 112.0,
                "k1": 0,
                "k2": 0,
                "p1": 0,
                "p2": 0
            }
        },
        {
            "file_path": "imgs/img_0006.png",
            "transform_matrix": [
                [
                    0.3488267032836049,
                    -0.5906325020767439,
                    0.7276490765244309,
                    0.21220788542529292
                ],
                [
                    -0.5692494823490863,
                    -0.7503116820334944,
                    -0.33613599427815744,
                    -0.11163370551808997
                ],
                [
                    0.7444964458757266,
                    -0.29696064940431655,
                    -0.5979459965446523,
                    0.17749004087819525
                ],
                [
                    0.0,
                    0.0,
                    0.0,
                    1.0
                ]
            ],
            "intrinsics": {
                "fl_x": 343.36639775241144,
                "fl_y": 343.36639775241144,
                "cx": 112.0,
                "cy": 112.0,
                "k1": 0,
                "k2": 0,
                "p1": 0,
                "p2": 0
            }
        },
        {
            "file_path": "imgs/img_0007.png",
            "transform_matrix": [
                [
                    -0.06619744643784582,
                    -0.6205938163055008,
                    0.7813329720730355,
                    0.22555934480454187
                ],
                [
                    -0.6318498661311185,
                    -0.5799752864408413,
                    -0.5141929732969442,
                    -0.14649753475403277
                ],
                [
                    0.7722587938995559,
                    -0.5277233956167177,
                    -0.35372923679498874,
                    0.2238693916718519
                ],
                [
                    0.0,
                    0.0,
                    0.0,
                    1.0
                ]
            ],
            "intrinsics": {
                "fl_x": 343.36639775241144,
                "fl_y": 343.36639775241144,
                "cx": 112.0,
                "cy": 112.0,
                "k1": 0,
                "k2": 0,
                "p1": 0,
                "p2": 0
            }
        },
        {
            "file_path": "imgs/img_0008.png",
            "transform_matrix": [
                [
                    -0.5274172143219924,
                    -0.47908052337776935,
                    0.7016501508279693,
                    0.21067237136797748
                ],
                [
                    -0.606594388371819,
                    -0.3659049469222987,
                    -0.7058022512103572,
                    -0.20885387289594187
                ],
                [
                    0.594873373107797,
                    -0.7978693012880445,
                    -0.09762298924679357,
                    0.30165454565626154
                ],
                [
                    0.0,
                    0.0,
                    0.0,
                    1.0
                ]
            ],
            "intrinsics": {
                "fl_x": 343.36639775241144,
                "fl_y": 343.36639775241144,
                "cx": 112.0,
                "cy": 112.0,
                "k1": 0,
                "k2": 0,
                "p1": 0,
                "p2": 0
            }
        },
        {
            "file_path": "imgs/img_0009.png",
            "transform_matrix": [
                [
                    -0.7023746068430664,
                    -0.3989258693978691,
                    0.5895151078532274,
                    0.19258844447992882
                ],
                [
                    -0.5119894830648081,
                    -0.29222567262180776,
                    -0.8077567242008963,
                    -0.22171134360228692
                ],
                [
                    0.4945065023769442,
                    -0.8691733469141163,
                    0.0010060422629986137,
                    0.3129864002664701
                ],
                [
                    0.0,
                    0.0,
                    0.0,
                    1.0
                ]
            ],
            "intrinsics": {
                "fl_x": 343.36639775241144,
                "fl_y": 343.36639775241144,
                "cx": 112.0,
                "cy": 112.0,
                "k1": 0,
                "k2": 0,
                "p1": 0,
                "p2": 0
            }
        },
        {
            "file_path": "imgs/img_0010.png",
            "transform_matrix": [
                [
                    -0.9167397481306658,
                    -0.1745152270753347,
                    0.3593503439766927,
                    0.13759237327207188
                ],
                [
                    -0.3290715409371214,
                    -0.18011770019818535,
                    -0.926967925561928,
                    -0.2621862954717517
                ],
                [
                    0.22649537554350077,
                    -0.968040314033543,
                    0.1076930604228878,
                    0.3443238601092994
                ],
                [
                    0.0,
                    0.0,
                    0.0,
                    1.0
                ]
            ],
            "intrinsics": {
                "fl_x": 343.36639775241144,
                "fl_y": 343.36639775241144,
                "cx": 112.0,
                "cy": 112.0,
                "k1": 0,
                "k2": 0,
                "p1": 0,
                "p2": 0
            }
        },
        {
            "file_path": "imgs/img_0011.png",
            "transform_matrix": [
                [
                    -0.9892377148117403,
                    0.10017691899169867,
                    0.10664580861607648,
                    0.048241828902923056
                ],
                [
                    -0.12259874175648189,
                    -0.1696598029608621,
                    -0.9778471760858181,
                    -0.268366703683079
                ],
                [
                    -0.07986421046860497,
                    -0.9803979478561815,
                    0.18011543999783675,
                    0.37955331285334615
                ],
                [
                    0.0,
                    0.0,
                    0.0,
                    1.0
                ]
            ],
            "intrinsics": {
                "fl_x": 343.36639775241144,
                "fl_y": 343.36639775241144,
                "cx": 112.0,
                "cy": 112.0,
                "k1": 0,
                "k2": 0,
                "p1": 0,
                "p2": 0
            }
        },
        {
            "file_path": "imgs/img_0012.png",
            "transform_matrix": [
                [
                    -0.3540766931380561,
                    0.6578515888313188,
                    -0.6647262462461733,
                    -0.14678224199219064
                ],
                [
                    0.4798114658694277,
                    -0.4823159238302996,
                    -0.7329067518040444,
                    -0.24487552499665163
                ],
                [
                    -0.8027519246919622,
                    -0.5784484736705887,
                    -0.1448679078040279,
                    0.3037114356699897
                ],
                [
                    0.0,
                    0.0,
                    0.0,
                    1.0
                ]
            ],
            "intrinsics": {
                "fl_x": 343.36639775241144,
                "fl_y": 343.36639775241144,
                "cx": 112.0,
                "cy": 112.0,
                "k1": 0,
                "k2": 0,
                "p1": 0,
                "p2": 0
            }
        },
        {
            "file_path": "imgs/img_0013.png",
            "transform_matrix": [
                [
                    0.30087754734658556,
                    0.6067028249455516,
                    -0.7357882736941317,
                    -0.22147084688698596
                ],
                [
                    0.49955639952532455,
                    -0.7574827459982595,
                    -0.4203133274216158,
                    -0.1855963295785325
                ],
                [
                    -0.8123522051401088,
                    -0.24110489774789637,
                    -0.530991829584956,
                    0.20531853880544512
                ],
                [
                    0.0,
                    0.0,
                    0.0,
                    1.0
                ]
            ],
            "intrinsics": {
                "fl_x": 343.36639775241144,
                "fl_y": 343.36639775241144,
                "cx": 112.0,
                "cy": 112.0,
                "k1": 0,
                "k2": 0,
                "p1": 0,
                "p2": 0
            }
        },
        {
            "file_path": "imgs/img_0014.png",
            "transform_matrix": [
                [
                    0.733714315475416,
                    0.4275219229132799,
                    -0.5280987679354814,
                    -0.16917205868905036
                ],
                [
                    0.34125622629223,
                    -0.903961716233282,
                    -0.25767693649483975,
                    -0.11241179951264745
                ],
                [
                    -0.5875436079843165,
                    0.008844264418875187,
                    -0.8091441699126682,
                    0.14156136038716857
                ],
                [
                    0.0,
                    0.0,
                    0.0,
                    1.0
                ]
            ],
            "intrinsics": {
                "fl_x": 343.36639775241144,
                "fl_y": 343.36639775241144,
                "cx": 112.0,
                "cy": 112.0,
                "k1": 0,
                "k2": 0,
                "p1": 0,
                "p2": 0
            }
        },
        {
            "file_path": "imgs/img_0015.png",
            "transform_matrix": [
                [
                    0.7694636749456316,
                    0.3942336063257473,
                    -0.5024992702308723,
                    -0.16087311031330975
                ],
                [
                    0.3205685183850448,
                    -0.9188726007656336,
                    -0.23001949609243497,
                    -0.10086240010682379
                ],
                [
                    -0.5524142267896263,
                    0.015906200224950335,
                    -0.8334179712694122,
                    0.11801336439411154
                ],
                [
                    0.0,
                    0.0,
                    0.0,
                    1.0
                ]
            ],
            "intrinsics": {
                "fl_x": 343.36639775241144,
                "fl_y": 343.36639775241144,
                "cx": 112.0,
                "cy": 112.0,
                "k1": 0,
                "k2": 0,
                "p1": 0,
                "p2": 0
            }
        },
        {
            "file_path": "imgs/img_0016.png",
            "transform_matrix": [
                [
                    0.8645206811513815,
                    0.3018197016472984,
                    -0.4018816486965873,
                    -0.14696261655188764
                ],
                [
                    0.256706808625974,
                    -0.9526103352870678,
                    -0.16320282935454244,
                    -0.08593747774959756
                ],
                [
                    -0.4320944413743586,
                    0.037926465717175874,
                    -0.9010305083245432,
                    0.06795009178000411
                ],
                [
                    0.0,
                    0.0,
                    0.0,
                    1.0
                ]
            ],
            "intrinsics": {
                "fl_x": 343.36639775241144,
                "fl_y": 343.36639775241144,
                "cx": 112.0,
                "cy": 112.0,
                "k1": 0,
                "k2": 0,
                "p1": 0,
                "p2": 0
            }
        },
        {
            "file_path": "imgs/img_0017.png",
            "transform_matrix": [
                [
                    0.9105593868406956,
                    0.23791798881940984,
                    -0.3380482711572768,
                    -0.1382673570625498
                ],
                [
                    0.20698524195940973,
                    -0.9702804447013199,
                    -0.12535137909577632,
                    -0.08005443528094625
                ],
                [
                    -0.35782497487920145,
                    0.04416887168963664,
                    -0.9327434792730331,
                    0.055653073564077
                ],
                [
                    0.0,
                    0.0,
                    0.0,
                    1.0
                ]
            ],
            "intrinsics": {
                "fl_x": 343.36639775241144,
                "fl_y": 343.36639775241144,
                "cx": 112.0,
                "cy": 112.0,
                "k1": 0,
                "k2": 0,
                "p1": 0,
                "p2": 0
            }
        },
        {
            "file_path": "imgs/img_0018.png",
            "transform_matrix": [
                [
                    0.9660276659350012,
                    0.11647467701467451,
                    -0.23070370231641535,
                    -0.08067671147003938
                ],
                [
                    0.11293363249805964,
                    -0.9931925012810935,
                    -0.028542075078705015,
                    -0.02833647078037164
                ],
                [
                    -0.2324576161345701,
                    0.001518227035879193,
                    -0.9726053422060257,
                    0.05942970332582692
                ],
                [
                    0.0,
                    0.0,
                    0.0,
                    1.0
                ]
            ],
            "intrinsics": {
                "fl_x": 343.36639775241144,
                "fl_y": 343.36639775241144,
                "cx": 112.0,
                "cy": 112.0,
                "k1": 0,
                "k2": 0,
                "p1": 0,
                "p2": 0
            }
        },
        {
            "file_path": "imgs/img_0019.png",
            "transform_matrix": [
                [
                    0.9522317425965054,
                    0.16175267500925147,
                    -0.25901888062257944,
                    -0.0872728926634711
                ],
                [
                    0.17420332149736412,
                    -0.9843742773050559,
                    0.025699901934339908,
                    -0.03263374010662224
                ],
                [
                    -0.2508144955358613,
                    -0.06959421173847839,
                    -0.9655302866930644,
                    0.04971684166819275
                ],
                [
                    0.0,
                    0.0,
                    0.0,
                    1.0
                ]
            ],
            "intrinsics": {
                "fl_x": 343.36639775241144,
                "fl_y": 343.36639775241144,
                "cx": 112.0,
                "cy": 112.0,
                "k1": 0,
                "k2": 0,
                "p1": 0,
                "p2": 0
            }
        }
    ]
}