{
    "w": 224,
    "h": 224,
    "camera_model": "OPENCV",
    "ply_file_path": "_conf0.001.ply",
    "frames": [
        {
            "file_path": "imgs/img_0000.png",
            "transform_matrix": [
                [
                    1.0000007152557373,
                    1.325733478552138e-07,
                    2.991873770952225e-08,
                    1.674528571360412e-14
                ],
                [
                    -1.7144208186437027e-07,
                    -1.0000003576278687,
                    1.448206603527069e-07,
                    9.734834466312847e-15
                ],
                [
                    -3.384193405508995e-07,
                    2.041342668235302e-07,
                    -1.0000007152557373,
                    8.569145393266808e-12
                ],
                [
                    0.0,
                    0.0,
                    0.0,
                    1.0
                ]
            ],
            "intrinsics": {
                "fl_x": 343.35954989687747,
                "fl_y": 343.35954989687747,
                "cx": 112.0,
                "cy": 112.0,
                "k1": 0,
                "k2": 0,
                "p1": 0,
                "p2": 0
            }
        },
        {
            "file_path": "imgs/img_0001.png",
            "transform_matrix": [
                [
                    0.991377592086792,
                    -0.06087116152048111,
                    0.11604586243629456,
                    5.492032606468911e-09
                ],
                [
                    -0.05992383509874344,
                    -0.998135507106781,
                    -0.011640429496765137,
                    4.741319159506929e-08
                ],
                [
                    0.1165376752614975,
                    0.004586517345160246,
                    -0.9931764006614685,
                    0.0007045491365715861
                ],
                [
                    0.0,
                    0.0,
                    0.0,
                    1.0
                ]
            ],
            "intrinsics": {
                "fl_x": 343.35954989687747,
                "fl_y": 343.35954989687747,
                "cx": 112.0,
                "cy": 112.0,
                "k1": 0,
                "k2": 0,
                "p1": 0,
                "p2": 0
            }
        },
        {
            "file_path": "imgs/img_0002.png",
            "transform_matrix": [
                [
                    0.9561123251914978,
                    -0.15653559565544128,
                    0.24768385291099548,
                    3.805033657044987e-07
                ],
                [
                    -0.15333689749240875,
                    -0.9876470565795898,
                    -0.032278720289468765,
                    -2.2359704132668412e-07
                ],
                [
                    0.24967660009860992,
                    -0.007116586435586214,
                    -0.968303918838501,
                    -0.004430050496011972
                ],
                [
                    0.0,
                    0.0,
                    0.0,
                    1.0
                ]
            ],
            "intrinsics": {
                "fl_x": 343.35954989687747,
                "fl_y": 343.35954989687747,
                "cx": 112.0,
                "cy": 112.0,
                "k1": 0,
                "k2": 0,
                "p1": 0,
                "p2": 0
            }
        },
        {
            "file_path": "imgs/img_0003.png",
            "transform_matrix": [
                [
                    0.941971480846405,
                    -0.189886674284935,
                    0.27682873606681824,
                    1.2236157090228517e-05
                ],
                [
                    -0.18641605973243713,
                    -0.9816945791244507,
                    -0.03905803710222244,
                    1.7165172039312893e-06
                ],
                [
                    0.2791774868965149,
                    -0.014813347719609737,
                    -0.9601259827613831,
                    0.03535470366477966
                ],
                [
                    0.0,
                    0.0,
                    0.0,
                    1.0
                ]
            ],
            "intrinsics": {
                "fl_x": 343.35954989687747,
                "fl_y": 343.35954989687747,
                "cx": 112.0,
                "cy": 112.0,
                "k1": 0,
                "k2": 0,
                "p1": 0,
                "p2": 0
            }
        },
        {
            "file_path": "imgs/img_0004.png",
            "transform_matrix": [
                [
                    0.8810861110687256,
                    -0.28945663571357727,
                    0.3740368187427521,
                    1.806938053050544e-05
                ],
                [
                    -0.28609412908554077,
                    -0.955936849117279,
                    -0.06584646552801132,
                    2.2419342712964863e-05
                ],
                [
                    0.37661489844322205,
                    -0.04899287596344948,
                    -0.9250742197036743,
                    -0.14048485457897186
                ],
                [
                    0.0,
                    0.0,
                    0.0,
                    1.0
                ]
            ],
            "intrinsics": {
                "fl_x": 343.35954989687747,
                "fl_y": 343.35954989687747,
                "cx": 112.0,
                "cy": 112.0,
                "k1": 0,
                "k2": 0,
                "p1": 0,
                "p2": 0
            }
        },
        {
            "file_path": "imgs/img_0005.png",
            "transform_matrix": [
                [
                    0.8585574626922607,
                    -0.3038385510444641,
                    0.412992388010025,
                    -3.5786568332696334e-05
                ],
                [
                    -0.2954816520214081,
                    -0.9514930248260498,
                    -0.08574630320072174,
                    9.053694043359428e-07
                ],
                [
                    0.41901203989982605,
                    -0.04841309413313866,
                    -0.9066898822784424,
                    0.13472557067871094
                ],
                [
                    0.0,
                    0.0,
                    0.0,
                    1.0
                ]
            ],
            "intrinsics": {
                "fl_x": 343.35954989687747,
                "fl_y": 343.35954989687747,
                "cx": 112.0,
                "cy": 112.0,
                "k1": 0,
                "k2": 0,
                "p1": 0,
                "p2": 0
            }
        },
        {
            "file_path": "imgs/img_0006.png",
            "transform_matrix": [
                [
                    0.348399817943573,
                    -0.5898913741111755,
                    0.7284553050994873,
                    0.0005579934222623706
                ],
                [
                    -0.5695228576660156,
                    -0.7504658699035645,
                    -0.3353287875652313,
                    -0.001126837800256908
                ],
                [
                    0.7444882392883301,
                    -0.298042893409729,
                    -0.5974187850952148,
                    -17.220006942749023
                ],
                [
                    0.0,
                    0.0,
                    0.0,
                    1.0
                ]
            ],
            "intrinsics": {
                "fl_x": 343.35954989687747,
                "fl_y": 343.35954989687747,
                "cx": 112.0,
                "cy": 112.0,
                "k1": 0,
                "k2": 0,
                "p1": 0,
                "p2": 0
            }
        },
        {
            "file_path": "imgs/img_0007.png",
            "transform_matrix": [
                [
                    -0.06643155962228775,
                    -0.6198982000350952,
                    0.7818660140037537,
                    -2.635244754856103e-06
                ],
                [
                    -0.632515013217926,
                    -0.5798726677894592,
                    -0.513491153717041,
                    -6.92546279879025e-07
                ],
                [
                    0.7716949582099915,
                    -0.5286534428596497,
                    -0.3535730540752411,
                    0.04003443941473961
                ],
                [
                    0.0,
                    0.0,
                    0.0,
                    1.0
                ]
            ],
            "intrinsics": {
                "fl_x": 343.35954989687747,
                "fl_y": 343.35954989687747,
                "cx": 112.0,
                "cy": 112.0,
                "k1": 0,
                "k2": 0,
                "p1": 0,
                "p2": 0
            }
        },
        {
            "file_path": "imgs/img_0008.png",
            "transform_matrix": [
                [
                    -0.5276724696159363,
                    -0.47806549072265625,
                    0.702151358127594,
                    -2.5135735995718278e-05
                ],
                [
                    -0.6072847247123718,
                    -0.3656545877456665,
                    -0.705338716506958,
                    3.7167686969041824e-05
                ],
                [
                    0.593943178653717,
                    -0.7985930442810059,
                    -0.09737598896026611,
                    -0.18859322369098663
                ],
                [
                    0.0,
                    0.0,
                    0.0,
                    1.0
                ]
            ],
            "intrinsics": {
                "fl_x": 343.35954989687747,
                "fl_y": 343.35954989687747,
                "cx": 112.0,
                "cy": 112.0,
                "k1": 0,
                "k2": 0,
                "p1": 0,
                "p2": 0
            }
        },
        {
            "file_path": "imgs/img_0009.png",
            "transform_matrix": [
                [
                    -0.7025876045227051,
                    -0.39788493514060974,
                    0.5899657607078552,
                    2.0467281501623802e-05
                ],
                [
                    -0.5127050876617432,
                    -0.291879802942276,
                    -0.8074283003807068,
                    2.1132344045327045e-05
                ],
                [
                    0.4934629201889038,
                    -0.8697670102119446,
                    0.0010735492687672377,
                    -0.4111802279949188
                ],
                [
                    0.0,
                    0.0,
                    0.0,
                    1.0
                ]
            ],
            "intrinsics": {
                "fl_x": 343.35954989687747,
                "fl_y": 343.35954989687747,
                "cx": 112.0,
                "cy": 112.0,
                "k1": 0,
                "k2": 0,
                "p1": 0,
                "p2": 0
            }
        },
        {
            "file_path": "imgs/img_0010.png",
            "transform_matrix": [
                [
                    -0.916782796382904,
                    -0.17342481017112732,
                    0.35977014899253845,
                    1.9063922991335858e-06
                ],
                [
                    -0.3297439515590668,
                    -0.17957818508148193,
                    -0.9268340468406677,
                    -1.990892769754282e-06
                ],
                [
                    0.2253432720899582,
                    -0.9683371186256409,
                    0.10744857043027878,
                    0.13720254600048065
                ],
                [
                    0.0,
                    0.0,
                    0.0,
                    1.0
                ]
            ],
            "intrinsics": {
                "fl_x": 343.35954989687747,
                "fl_y": 343.35954989687747,
                "cx": 112.0,
                "cy": 112.0,
                "k1": 0,
                "k2": 0,
                "p1": 0,
                "p2": 0
            }
        },
        {
            "file_path": "imgs/img_0011.png",
            "transform_matrix": [
                [
                    -0.9890943169593811,
                    0.10122261941432953,
                    0.10699447244405746,
                    -2.8415357519406825e-05
                ],
                [
                    -0.12306996434926987,
                    -0.16889499127864838,
                    -0.9779208302497864,
                    6.809059414081275e-05
                ],
                [
                    -0.08091642707586288,
                    -0.9804233312606812,
                    0.17951078712940216,
                    -0.2939474880695343
                ],
                [
                    0.0,
                    0.0,
                    0.0,
                    1.0
                ]
            ],
            "intrinsics": {
                "fl_x": 343.35954989687747,
                "fl_y": 343.35954989687747,
                "cx": 112.0,
                "cy": 112.0,
                "k1": 0,
                "k2": 0,
                "p1": 0,
                "p2": 0
            }
        },
        {
            "file_path": "imgs/img_0012.png",
            "transform_matrix": [
                [
                    -0.353596031665802,
                    0.6587322950363159,
                    -0.6641106605529785,
                    1.5517493011429906e-05
                ],
                [
                    0.4800361394882202,
                    -0.4815656244754791,
                    -0.7332534193992615,
                    5.291950947139412e-05
                ],
                [
                    -0.8028303384780884,
                    -0.5780724883079529,
                    -0.1459350734949112,
                    0.20939065515995026
                ],
                [
                    0.0,
                    0.0,
                    0.0,
                    1.0
                ]
            ],
            "intrinsics": {
                "fl_x": 343.35954989687747,
                "fl_y": 343.35954989687747,
                "cx": 112.0,
                "cy": 112.0,
                "k1": 0,
                "k2": 0,
                "p1": 0,
                "p2": 0
            }
        },
        {
            "file_path": "imgs/img_0013.png",
            "transform_matrix": [
                [
                    0.30138644576072693,
                    0.607411801815033,
                    -0.7349956035614014,
                    -1.3830579518980812e-05
                ],
                [
                    0.5002907514572144,
                    -0.7569465637207031,
                    -0.4204067289829254,
                    3.4623215469764546e-05
                ],
                [
                    -0.811712384223938,
                    -0.2410065084695816,
                    -0.532015323638916,
                    0.19576096534729004
                ],
                [
                    0.0,
                    0.0,
                    0.0,
                    1.0
                ]
            ],
            "intrinsics": {
                "fl_x": 343.35954989687747,
                "fl_y": 343.35954989687747,
                "cx": 112.0,
                "cy": 112.0,
                "k1": 0,
                "k2": 0,
                "p1": 0,
                "p2": 0
            }
        },
        {
            "file_path": "imgs/img_0014.png",
            "transform_matrix": [
                [
                    0.73408043384552,
                    0.4280463457107544,
                    -0.5271656513214111,
                    -1.02831954791327e-05
                ],
                [
                    0.342051237821579,
                    -0.9037154912948608,
                    -0.25748777389526367,
                    1.154881829279475e-06
                ],
                [
                    -0.5866246223449707,
                    0.008699211291968822,
                    -0.8098131418228149,
                    0.03341556712985039
                ],
                [
                    0.0,
                    0.0,
                    0.0,
                    1.0
                ]
            ],
            "intrinsics": {
                "fl_x": 343.35954989687747,
                "fl_y": 343.35954989687747,
                "cx": 112.0,
                "cy": 112.0,
                "k1": 0,
                "k2": 0,
                "p1": 0,
                "p2": 0
            }
        },
        {
            "file_path": "imgs/img_0015.png",
            "transform_matrix": [
                [
                    0.7698154449462891,
                    0.3947635293006897,
                    -0.5015450716018677,
                    -4.1027415136341006e-05
                ],
                [
                    0.321368008852005,
                    -0.9186488389968872,
                    -0.2297993302345276,
                    1.681693538557738e-05
                ],
                [
                    -0.5514603853225708,
                    0.015722712501883507,
                    -0.8340538144111633,
                    -0.4171144664287567
                ],
                [
                    0.0,
                    0.0,
                    0.0,
                    1.0
                ]
            ],
            "intrinsics": {
                "fl_x": 343.35954989687747,
                "fl_y": 343.35954989687747,
                "cx": 112.0,
                "cy": 112.0,
                "k1": 0,
                "k2": 0,
                "p1": 0,
                "p2": 0
            }
        },
        {
            "file_path": "imgs/img_0016.png",
            "transform_matrix": [
                [
                    0.8648039698600769,
                    0.3023556172847748,
                    -0.40086981654167175,
                    -4.4817129492003005e-06
                ],
                [
                    0.25750812888145447,
                    -0.9524533152580261,
                    -0.1628589779138565,
                    2.4123598905134713e-06
                ],
                [
                    -0.4310514032840729,
                    0.03761405870318413,
                    -0.9015438556671143,
                    0.04067395627498627
                ],
                [
                    0.0,
                    0.0,
                    0.0,
                    1.0
                ]
            ],
            "intrinsics": {
                "fl_x": 343.35954989687747,
                "fl_y": 343.35954989687747,
                "cx": 112.0,
                "cy": 112.0,
                "k1": 0,
                "k2": 0,
                "p1": 0,
                "p2": 0
            }
        },
        {
            "file_path": "imgs/img_0017.png",
            "transform_matrix": [
                [
                    0.9107950925827026,
                    0.2384490817785263,
                    -0.33703967928886414,
                    1.6353575119865127e-05
                ],
                [
                    0.20775197446346283,
                    -0.9701676964759827,
                    -0.12495802342891693,
                    4.6399083657888696e-05
                ],
                [
                    -0.3567814230918884,
                    0.04379073530435562,
                    -0.933161735534668,
                    0.20410358905792236
                ],
                [
                    0.0,
                    0.0,
                    0.0,
                    1.0
                ]
            ],
            "intrinsics": {
                "fl_x": 343.35954989687747,
                "fl_y": 343.35954989687747,
                "cx": 112.0,
                "cy": 112.0,
                "k1": 0,
                "k2": 0,
                "p1": 0,
                "p2": 0
            }
        },
        {
            "file_path": "imgs/img_0018.png",
            "transform_matrix": [
                [
                    0.966181755065918,
                    0.11698209494352341,
                    -0.22980283200740814,
                    7.416869266307913e-06
                ],
                [
                    0.11358023434877396,
                    -0.9931339621543884,
                    -0.028021540492773056,
                    3.473793185548857e-05
                ],
                [
                    -0.23150332272052765,
                    0.0009731458849273622,
                    -0.9728343486785889,
                    0.2903606593608856
                ],
                [
                    0.0,
                    0.0,
                    0.0,
                    1.0
                ]
            ],
            "intrinsics": {
                "fl_x": 343.35954989687747,
                "fl_y": 343.35954989687747,
                "cx": 112.0,
                "cy": 112.0,
                "k1": 0,
                "k2": 0,
                "p1": 0,
                "p2": 0
            }
        },
        {
            "file_path": "imgs/img_0019.png",
            "transform_matrix": [
                [
                    0.9523897767066956,
                    0.16235993802547455,
                    -0.25805899500846863,
                    2.221804180635445e-07
                ],
                [
                    0.1748773157596588,
                    -0.9842430949211121,
                    0.026156866922974586,
                    5.483492770963494e-08
                ],
                [
                    -0.24974627792835236,
                    -0.07003989070653915,
                    -0.9657756686210632,
                    0.002515179803594947
                ],
                [
                    0.0,
                    0.0,
                    0.0,
                    1.0
                ]
            ],
            "intrinsics": {
                "fl_x": 343.35954989687747,
                "fl_y": 343.35954989687747,
                "cx": 112.0,
                "cy": 112.0,
                "k1": 0,
                "k2": 0,
                "p1": 0,
                "p2": 0
            }
        }
    ]
}